12.100000 3.600000 0.000000 -0.700000 29.500000 993.500000 46.500000 
12.100000 3.600000 0.000000 -0.700000 29.500000 993.500000 45.000000 
12.100000 3.600000 0.000000 -0.700000 29.500000 993.500000 48.000000 
12.100000 3.600000 0.000000 -0.700000 29.500000 993.500000 46.500000 
12.100000 3.600000 0.000000 -0.700000 29.500000 993.500000 46.500000 
12.100000 3.600000 0.000000 -0.700000 29.500000 993.500000 45.000000 
12.100000 3.600000 0.100000 -0.700000 29.500000 993.500000 48.000000 
12.100000 3.600000 0.000000 -0.700000 29.500000 993.500000 45.000000 
12.100000 3.600000 0.000000 -0.700000 29.500000 993.500000 46.500000 
12.100000 3.600000 0.000000 -0.800000 29.500000 993.500000 46.500000 
12.200000 3.600000 0.000000 -0.800000 29.600000 993.500000 45.000000 
12.200000 3.600000 0.000000 -0.800000 29.500000 993.500000 48.000000 
12.200000 3.600000 0.000000 -0.800000 29.500000 993.500000 45.000000 
12.200000 3.600000 0.000000 -0.900000 29.500000 993.500000 46.500000 
12.200000 3.600000 0.000000 -0.900000 29.500000 993.500000 46.500000 
12.200000 3.600000 0.000000 -0.900000 29.500000 993.500000 45.000000 
12.200000 3.600000 0.000000 -0.900000 29.500000 993.500000 48.000000 
12.200000 3.600000 0.000000 -0.900000 29.500000 993.500000 45.000000 
12.200000 3.600000 0.000000 -0.900000 29.500000 993.500000 46.500000 
12.200000 3.600000 0.000000 -0.900000 29.500000 993.500000 48.000000 
12.200000 3.600000 0.000000 -0.900000 29.500000 993.500000 45.000000 
12.200000 3.600000 0.100000 -0.800000 29.500000 993.500000 48.000000 
12.200000 3.600000 0.000000 -0.900000 29.600000 993.500000 46.500000 
12.200000 3.600000 0.000000 -0.900000 29.600000 993.500000 46.500000 
12.200000 3.600000 0.000000 -0.900000 29.600000 993.500000 48.000000 
12.200000 3.600000 0.000000 -0.900000 29.500000 993.500000 48.000000 
12.200000 3.600000 0.000000 -0.900000 29.500000 993.500000 45.000000 
12.200000 3.600000 0.000000 -0.900000 29.500000 993.500000 46.500000 
12.200000 3.600000 0.000000 -0.800000 29.500000 993.500000 45.000000 
12.200000 3.600000 0.000000 -0.800000 29.500000 993.500000 48.000000 
12.200000 3.600000 0.000000 -0.800000 29.500000 993.500000 45.000000 
12.200000 3.600000 0.000000 -0.800000 29.500000 993.500000 48.000000 
12.200000 3.600000 0.000000 -0.800000 29.500000 993.500000 45.000000 
12.200000 3.600000 0.000000 -0.800000 29.500000 993.500000 48.000000 
12.200000 3.600000 0.000000 -0.800000 29.500000 993.500000 46.500000 
12.200000 3.600000 0.000000 -0.800000 29.500000 993.500000 48.000000 
12.200000 3.600000 0.000000 -0.800000 29.500000 993.500000 45.000000 
12.200000 3.600000 0.000000 -0.800000 29.600000 993.500000 48.000000 
12.200000 3.600000 0.000000 -0.700000 29.600000 993.500000 46.500000 
12.200000 3.600000 0.000000 -0.700000 29.600000 993.500000 46.500000 
12.200000 3.600000 0.000000 -0.700000 29.600000 993.500000 46.500000 
12.200000 3.600000 0.000000 -0.700000 29.600000 993.500000 45.000000 
12.200000 3.600000 0.000000 -0.700000 29.600000 993.500000 48.000000 
12.200000 3.600000 0.000000 -0.700000 29.600000 993.500000 45.000000 
12.200000 3.600000 0.000000 -0.700000 29.600000 993.400024 46.500000 
12.200000 3.600000 0.000000 -0.700000 29.600000 993.500000 46.500000 
12.200000 3.600000 0.000000 -0.700000 29.600000 993.500000 45.000000 
12.200000 3.600000 0.000000 -0.700000 29.600000 993.500000 48.000000 
12.200000 3.600000 0.000000 -0.600000 29.600000 993.400024 45.000000 
12.200000 3.600000 0.000000 -0.600000 29.600000 993.400024 46.500000 
12.200000 3.600000 0.000000 -0.600000 29.600000 993.400024 46.500000 
12.200000 3.600000 0.000000 -0.600000 29.600000 993.400024 45.000000 
12.300000 3.600000 0.000000 -0.500000 29.600000 993.400024 46.500000 
12.300000 3.600000 0.000000 -0.500000 29.600000 993.400024 46.500000 
12.300000 3.600000 0.000000 -0.500000 29.600000 993.400024 46.500000 
12.300000 3.600000 0.000000 -0.500000 29.500000 993.500000 48.000000 
12.300000 3.600000 0.000000 -0.600000 29.500000 993.500000 46.500000 
12.300000 3.600000 0.000000 -0.600000 29.500000 993.500000 46.500000 
12.300000 3.600000 0.000000 -0.800000 29.600000 993.500000 45.000000 
12.300000 3.600000 0.000000 -0.900000 29.600000 993.500000 48.000000 
12.300000 3.600000 0.000000 -1.000000 29.600000 993.500000 46.500000 
12.300000 3.600000 0.000000 -1.200000 29.600000 993.500000 46.500000 
12.300000 3.600000 0.000000 -1.200000 29.600000 993.500000 45.000000 
12.300000 3.600000 0.000000 -1.200000 29.600000 993.500000 48.000000 
12.300000 3.600000 0.000000 -1.200000 29.600000 993.500000 46.500000 
12.300000 3.600000 0.000000 -1.100000 29.600000 993.500000 46.500000 
12.300000 3.600000 0.000000 -1.100000 29.600000 993.500000 46.500000 
12.300000 3.600000 0.000000 -1.000000 29.600000 993.500000 45.000000 
12.300000 3.600000 0.000000 -0.900000 29.600000 993.500000 48.000000 
12.300000 3.600000 0.100000 -0.800000 29.600000 993.500000 45.000000 
12.300000 3.600000 0.100000 -0.800000 29.600000 993.500000 46.500000 
12.300000 3.600000 0.100000 -0.700000 29.600000 993.400024 48.000000 
12.300000 3.600000 0.100000 -0.700000 29.600000 993.400024 45.000000 
12.300000 3.600000 0.100000 -0.600000 29.600000 993.400024 48.000000 
12.300000 3.600000 0.100000 -0.600000 29.600000 993.400024 46.500000 
12.300000 3.600000 0.100000 -0.600000 29.600000 993.400024 46.500000 
12.300000 3.600000 0.100000 -0.500000 29.600000 993.500000 48.000000 
12.300000 3.600000 0.100000 -0.600000 29.600000 993.500000 45.000000 
12.300000 3.600000 0.100000 -0.600000 29.600000 993.500000 48.000000 
12.300000 3.600000 0.100000 -0.600000 29.600000 993.500000 46.500000 
12.300000 3.600000 0.100000 -0.600000 29.600000 993.400024 48.000000 
12.300000 3.600000 0.100000 -0.600000 29.600000 993.400024 45.000000 
12.300000 3.600000 0.100000 -0.600000 29.600000 993.400024 45.000000 
12.300000 3.600000 0.100000 -0.600000 29.600000 993.400024 46.500000 
12.300000 3.600000 0.000000 -0.500000 29.600000 993.400024 48.000000 
12.300000 3.600000 0.100000 -0.400000 29.600000 993.400024 48.000000 
12.300000 3.600000 0.100000 -0.400000 29.600000 993.400024 46.500000 
12.300000 3.600000 0.100000 -0.400000 29.600000 993.400024 46.500000 
12.300000 3.600000 0.100000 -0.400000 29.600000 993.400024 45.000000 
12.300000 3.600000 0.100000 -0.400000 29.600000 993.400024 48.000000 
12.300000 3.600000 0.100000 -0.400000 29.600000 993.400024 46.500000 
12.300000 3.600000 0.100000 -0.400000 29.600000 993.400024 46.500000 
12.300000 3.600000 0.100000 -0.400000 29.600000 993.400024 46.500000 
12.300000 3.600000 0.100000 -0.400000 29.600000 993.400024 45.000000 
12.300000 3.600000 0.100000 -0.400000 29.600000 993.400024 48.000000 
12.300000 3.600000 0.100000 -0.400000 29.600000 993.400024 46.500000 
12.300000 3.600000 0.100000 -0.400000 29.600000 993.400024 46.500000 
12.300000 3.600000 0.100000 -0.400000 29.600000 993.500000 48.000000 
12.300000 3.600000 0.100000 -0.400000 29.600000 993.500000 45.000000 
12.300000 3.600000 0.100000 -0.400000 29.600000 993.400024 48.000000 
12.300000 3.600000 0.100000 -0.400000 29.600000 993.400024 46.500000 
12.300000 3.600000 0.100000 -0.500000 29.600000 993.400024 46.500000 
12.300000 3.600000 0.100000 -0.500000 29.600000 993.400024 46.500000 
12.300000 3.600000 0.100000 -0.500000 29.600000 993.400024 45.000000 
12.300000 3.600000 0.100000 -0.400000 29.600000 993.400024 48.000000 
12.300000 3.600000 0.100000 -0.400000 29.600000 993.400024 46.500000 
12.300000 3.600000 0.100000 -0.500000 29.600000 993.500000 46.500000 
12.300000 3.600000 0.100000 -0.500000 29.600000 993.500000 45.000000 
12.300000 3.600000 0.100000 -0.500000 29.600000 993.500000 48.000000 
12.300000 3.600000 0.100000 -0.600000 29.600000 993.400024 46.500000 
12.300000 3.600000 0.100000 -0.600000 29.600000 993.500000 48.000000 
12.300000 3.600000 0.100000 -0.600000 29.600000 993.400024 45.000000 
12.300000 3.600000 0.100000 -0.700000 29.600000 993.500000 46.500000 
12.300000 3.600000 0.000000 -0.700000 29.600000 993.500000 46.500000 
12.300000 3.600000 0.000000 -0.700000 29.600000 993.500000 46.500000 
12.300000 3.600000 0.000000 -0.700000 29.600000 993.400024 48.000000 
12.300000 3.600000 0.000000 -0.700000 29.600000 993.400024 45.000000 
12.300000 3.600000 0.000000 -0.600000 29.600000 993.400024 46.500000 
12.300000 3.600000 0.000000 -0.600000 29.600000 993.400024 46.500000 
12.300000 3.600000 0.000000 -0.500000 29.600000 993.400024 45.000000 
12.300000 3.600000 0.100000 -0.400000 29.600000 993.400024 48.000000 
12.300000 3.600000 0.100000 -0.300000 29.600000 993.400024 46.500000 
12.300000 3.600000 0.100000 -0.300000 29.600000 993.400024 46.500000 
12.300000 3.600000 0.100000 -0.300000 29.600000 993.400024 48.000000 
12.300000 3.600000 0.000000 -0.300000 29.600000 993.500000 45.000000 
12.300000 3.600000 0.100000 -0.300000 29.600000 993.400024 48.000000 
12.300000 3.600000 0.100000 -0.400000 29.600000 993.500000 45.000000 
