17.799999 -3.400000 -0.800000 -6.400000 28.900000 996.099976 45.000000 
17.799999 -3.400000 -0.800000 -6.400000 28.900000 996.099976 48.000000 
17.799999 -3.400000 -0.800000 -6.400000 28.900000 996.099976 46.500000 
17.900000 -3.400000 -0.800000 -6.400000 28.900000 996.099976 46.500000 
17.900000 -3.400000 -0.800000 -6.400000 28.900000 996.099976 48.000000 
17.900000 -3.400000 -0.800000 -6.400000 28.900000 996.099976 45.000000 
17.900000 -3.400000 -0.800000 -6.400000 28.900000 996.099976 48.000000 
17.900000 -3.400000 -0.800000 -6.500000 28.900000 996.099976 46.500000 
17.900000 -3.400000 -0.800000 -6.500000 28.900000 996.099976 46.500000 
17.900000 -3.400000 -0.800000 -6.500000 28.900000 996.099976 48.000000 
17.900000 -3.400000 -0.800000 -6.500000 28.900000 996.099976 45.000000 
17.900000 -3.400000 -0.800000 -6.500000 28.900000 996.099976 46.500000 
17.900000 -3.400000 -0.800000 -6.500000 28.900000 996.099976 46.500000 
17.900000 -3.400000 -0.800000 -6.500000 28.900000 996.099976 48.000000 
17.900000 -3.400000 -0.800000 -6.500000 28.900000 996.099976 48.000000 
17.900000 -3.400000 -0.800000 -6.500000 28.900000 996.099976 46.500000 
17.900000 -3.400000 -0.800000 -6.600000 28.900000 996.099976 46.500000 
17.900000 -3.400000 -0.800000 -6.700000 28.900000 996.200012 45.000000 
17.900000 -3.400000 -0.800000 -6.700000 28.900000 996.099976 48.000000 
17.900000 -3.400000 -0.800000 -6.700000 28.900000 996.099976 46.500000 
17.900000 -3.400000 -0.800000 -6.700000 28.900000 996.099976 48.000000 
17.900000 -3.400000 -0.800000 -6.700000 28.900000 996.099976 45.000000 
17.900000 -3.500000 -0.800000 -6.700000 28.900000 996.099976 48.000000 
17.900000 -3.400000 -0.800000 -6.600000 28.900000 996.099976 46.500000 
17.900000 -3.500000 -0.800000 -6.500000 28.900000 996.099976 46.500000 
17.900000 -3.500000 -0.800000 -6.500000 28.900000 996.099976 48.000000 
17.900000 -3.500000 -0.700000 -6.500000 28.900000 996.099976 45.000000 
16.799999 -3.700000 -0.400000 -6.500000 28.900000 996.099976 48.000000 
15.300000 -3.500000 -0.700000 -6.500000 28.900000 996.099976 45.000000 
12.700000 -3.500000 -0.600000 -6.500000 28.900000 996.099976 46.500000 
9.600000 -3.500000 -0.800000 -6.500000 28.900000 996.099976 46.500000 
5.700000 -3.500000 -1.000000 -6.500000 28.900000 996.099976 45.000000 
1.400000 -3.500000 -1.200000 -6.600000 28.900000 996.099976 48.000000 
-2.500000 -3.500000 -1.600000 -6.600000 28.900000 996.099976 46.500000 
-6.500000 -3.600000 -1.900000 -6.500000 28.900000 996.099976 46.500000 
-8.200000 -3.500000 -2.500000 -6.500000 28.900000 996.099976 46.500000 
-8.600000 -3.400000 -2.800000 -6.400000 29.000000 996.099976 45.000000 
-8.500000 -3.400000 -2.800000 -6.400000 29.000000 996.099976 48.000000 
-7.700000 -3.400000 -3.000000 -6.300000 28.900000 996.099976 46.500000 
-6.200000 -3.300000 -3.200000 -6.300000 28.900000 996.099976 48.000000 
-4.300000 -3.200000 -3.200000 -6.200000 28.900000 996.099976 45.000000 
0.200000 -3.000000 -3.200000 -6.200000 28.900000 996.099976 45.000000 
4.400000 -3.000000 -3.000000 -6.200000 28.900000 996.099976 46.500000 
6.500000 -3.000000 -2.800000 -6.200000 28.900000 996.099976 46.500000 
13.500000 -2.900000 -2.600000 -6.300000 28.900000 996.099976 48.000000 
15.400000 -3.200000 -1.900000 -6.300000 28.900000 996.099976 45.000000 
15.500000 -3.300000 -1.800000 -6.300000 28.900000 996.099976 46.500000 
16.299999 -3.100000 -1.900000 -6.500000 28.900000 996.099976 45.000000 
19.600000 -3.000000 -1.900000 -6.500000 28.900000 996.099976 48.000000 
21.400000 -3.400000 -1.200000 -6.600000 28.900000 996.099976 46.500000 
22.700001 -3.200000 -1.400000 -6.600000 28.900000 996.099976 46.500000 
24.200001 -3.400000 -1.000000 -6.700000 28.900000 996.099976 46.500000 
26.100000 -3.400000 -1.100000 -6.700000 28.900000 996.099976 45.000000 
26.600000 -3.700000 -0.600000 -6.600000 28.900000 996.099976 48.000000 
26.600000 -3.700000 -0.500000 -6.600000 28.900000 996.099976 45.000000 
26.500000 -3.800000 -0.400000 -6.600000 28.900000 996.099976 46.500000 
26.100000 -4.000000 -0.100000 -6.500000 28.900000 996.099976 46.500000 
22.500000 -4.100000 0.100000 -6.500000 28.900000 996.099976 46.500000 
16.400000 -4.300000 0.300000 -6.500000 28.900000 996.099976 46.500000 
11.100000 -4.000000 -0.100000 -6.500000 28.900000 996.099976 45.000000 
5.900000 -3.700000 -0.700000 -6.400000 28.900000 996.099976 48.000000 
1.500000 -3.800000 -0.900000 -6.400000 28.900000 996.099976 45.000000 
-3.400000 -3.600000 -1.400000 -6.400000 28.900000 996.099976 46.500000 
-7.500000 -3.700000 -1.800000 -6.400000 28.900000 996.099976 46.500000 
-9.000000 -3.500000 -2.400000 -6.400000 28.900000 996.099976 45.000000 
-5.900000 -3.100000 -3.100000 -6.300000 28.900000 996.099976 46.500000 
-2.800000 -3.200000 -2.900000 -6.300000 28.900000 996.099976 46.500000 
1.600000 -3.100000 -2.800000 -6.300000 28.900000 996.099976 48.000000 
10.200000 -3.100000 -2.500000 -6.300000 28.900000 996.099976 48.000000 
12.000000 -3.200000 -2.300000 -6.300000 28.900000 996.099976 46.500000 
15.500000 -3.100000 -2.300000 -6.300000 28.900000 996.099976 46.500000 
22.100000 -3.200000 -1.700000 -6.300000 28.900000 996.099976 45.000000 
25.299999 -3.100000 -1.800000 -6.300000 28.900000 996.099976 48.000000 
30.700001 -3.400000 -1.200000 -6.300000 28.900000 996.099976 45.000000 
32.099998 -4.000000 -0.300000 -6.300000 28.900000 996.099976 46.500000 
32.099998 -4.200000 -0.100000 -6.300000 28.900000 996.099976 45.000000 
30.799999 -4.300000 0.000000 -6.300000 28.900000 996.099976 48.000000 
28.100000 -4.400000 0.200000 -6.300000 28.900000 996.000000 45.000000 
23.799999 -4.500000 0.300000 -6.300000 28.900000 996.000000 46.500000 
19.299999 -4.400000 0.200000 -6.200000 28.900000 996.000000 45.000000 
15.200000 -4.100000 -0.100000 -6.200000 28.900000 996.000000 46.500000 
11.700000 -4.100000 -0.300000 -6.100000 28.900000 996.000000 46.500000 
8.400000 -4.000000 -0.500000 -6.100000 28.900000 996.000000 45.000000 
3.900000 -3.900000 -0.800000 -6.100000 28.900000 996.000000 48.000000 
0.200000 -3.900000 -1.100000 -6.000000 28.900000 996.000000 46.500000 
-3.700000 -3.900000 -1.500000 -6.000000 28.900000 996.000000 46.500000 
-6.600000 -3.900000 -1.900000 -6.000000 28.900000 996.000000 48.000000 
-8.400000 -3.900000 -2.300000 -6.000000 28.900000 996.000000 45.000000 
-8.700000 -3.800000 -2.600000 -6.000000 28.900000 996.000000 48.000000 
-7.700000 -3.600000 -2.900000 -6.000000 28.900000 996.000000 46.500000 
-4.800000 -3.400000 -3.100000 -6.000000 28.900000 996.000000 46.500000 
0.300000 -3.200000 -3.100000 -6.000000 28.900000 996.099976 46.500000 
5.500000 -3.100000 -2.900000 -6.000000 28.900000 996.099976 45.000000 
8.900000 -3.500000 -2.300000 -6.100000 28.900000 996.099976 48.000000 
10.700000 -3.400000 -2.400000 -6.100000 28.900000 996.099976 46.500000 
15.100000 -3.200000 -2.400000 -6.100000 28.900000 996.099976 46.500000 
23.799999 -3.300000 -2.000000 -6.200000 28.900000 996.099976 45.000000 
26.900000 -3.900000 -1.000000 -6.200000 28.900000 996.099976 48.000000 
27.600000 -3.900000 -1.000000 -6.300000 28.900000 996.099976 45.000000 
28.900000 -4.100000 -0.600000 -6.200000 28.900000 996.000000 46.500000 
28.799999 -4.200000 -0.500000 -6.200000 28.900000 996.000000 46.500000 
26.200001 -4.600000 0.000000 -6.200000 28.900000 996.000000 46.500000 
16.100000 -4.500000 0.000000 -6.200000 28.900000 996.099976 48.000000 
10.900000 -4.400000 -0.300000 -6.200000 28.900000 996.099976 45.000000 
6.600000 -4.200000 -0.700000 -6.200000 28.900000 996.099976 46.500000 
-1.700000 -4.100000 -1.300000 -6.200000 28.900000 996.099976 45.000000 
-6.400000 -4.200000 -1.500000 -6.200000 28.900000 996.099976 48.000000 
-10.200000 -4.100000 -2.100000 -6.200000 28.900000 996.099976 46.500000 
-12.200000 -4.100000 -2.400000 -6.200000 28.900000 996.000000 46.500000 
-12.700000 -4.000000 -2.700000 -6.200000 28.900000 996.000000 46.500000 
-11.800000 -3.800000 -3.200000 -6.100000 28.900000 996.000000 45.000000 
-6.900000 -3.500000 -3.400000 -6.100000 28.900000 996.000000 48.000000 
-3.000000 -3.400000 -3.300000 -6.100000 28.900000 996.000000 46.500000 
2.600000 -3.300000 -3.200000 -6.000000 28.900000 996.099976 46.500000 
6.300000 -3.500000 -2.700000 -6.100000 28.900000 996.099976 46.500000 
9.600000 -3.400000 -2.600000 -6.100000 28.900000 996.099976 45.000000 
13.000000 -3.500000 -2.400000 -6.100000 28.900000 996.099976 48.000000 
15.400000 -3.400000 -2.300000 -6.200000 28.900000 996.099976 45.000000 
18.100000 -3.600000 -1.900000 -6.200000 28.900000 996.099976 46.500000 
18.799999 -3.900000 -1.500000 -6.300000 28.900000 996.099976 48.000000 
18.799999 -3.900000 -1.400000 -6.300000 28.900000 996.099976 45.000000 
18.799999 -4.000000 -1.300000 -6.300000 28.900000 996.099976 48.000000 
18.799999 -4.000000 -1.300000 -6.400000 28.900000 996.099976 46.500000 
18.500000 -4.000000 -1.200000 -6.500000 28.900000 996.099976 48.000000 
18.500000 -4.000000 -1.100000 -6.500000 28.900000 996.099976 45.000000 
18.500000 -4.100000 -1.100000 -6.600000 28.900000 996.099976 48.000000 
18.500000 -4.100000 -1.000000 -6.600000 28.900000 996.099976 46.500000 
18.500000 -4.100000 -1.000000 -6.600000 28.900000 996.099976 48.000000 
18.500000 -4.100000 -0.900000 -6.600000 28.900000 996.099976 45.000000 
18.500000 -4.100000 -0.900000 -6.500000 28.900000 996.099976 46.500000 
18.500000 -4.100000 -0.800000 -6.500000 28.900000 996.099976 46.500000 
18.500000 -4.100000 -0.800000 -6.500000 28.900000 996.099976 48.000000 
18.500000 -4.100000 -0.800000 -6.500000 28.900000 996.099976 48.000000 
18.600000 -4.100000 -0.800000 -6.500000 28.900000 996.099976 46.500000 
18.600000 -4.100000 -0.700000 -6.500000 28.900000 996.099976 46.500000 
18.600000 -4.100000 -0.700000 -6.600000 28.900000 996.099976 48.000000 
18.600000 -4.100000 -0.700000 -6.600000 28.900000 996.099976 45.000000 
18.600000 -4.100000 -0.700000 -6.700000 28.900000 996.099976 48.000000 
18.600000 -4.100000 -0.700000 -6.700000 28.900000 996.099976 46.500000 
18.600000 -4.100000 -0.700000 -6.700000 28.900000 996.099976 46.500000 
18.600000 -4.100000 -0.700000 -6.700000 28.900000 996.099976 48.000000 
18.600000 -4.100000 -0.700000 -6.700000 28.900000 996.099976 45.000000 
18.700001 -4.100000 -0.700000 -6.600000 28.900000 996.099976 48.000000 
18.700001 -4.000000 -0.600000 -6.600000 28.900000 996.099976 46.500000 
18.700001 -4.000000 -0.600000 -6.600000 28.900000 996.099976 46.500000 
18.700001 -4.000000 -0.600000 -6.500000 28.900000 996.099976 48.000000 
18.700001 -4.000000 -0.600000 -6.500000 28.900000 996.099976 45.000000 
18.700001 -4.000000 -0.600000 -6.400000 28.900000 996.099976 48.000000 
18.700001 -4.000000 -0.600000 -6.400000 28.900000 996.099976 46.500000 
18.700001 -4.000000 -0.600000 -6.500000 28.900000 996.099976 46.500000 
18.700001 -4.000000 -0.600000 -6.500000 28.900000 996.099976 45.000000 
18.700001 -4.000000 -0.600000 -6.500000 28.900000 996.099976 48.000000 
18.700001 -4.000000 -0.600000 -6.500000 28.900000 996.099976 45.000000 
18.799999 -4.000000 -0.600000 -6.500000 28.900000 996.099976 48.000000 
18.799999 -4.000000 -0.600000 -6.500000 28.900000 996.099976 45.000000 
18.799999 -3.900000 -0.600000 -6.400000 28.900000 996.099976 48.000000 
18.799999 -3.900000 -0.600000 -6.300000 28.900000 996.099976 46.500000 
18.799999 -3.900000 -0.600000 -6.300000 28.900000 996.099976 46.500000 
18.799999 -3.900000 -0.600000 -6.300000 28.900000 996.000000 45.000000 
18.900000 -3.900000 -0.600000 -6.200000 28.900000 996.099976 46.500000 
18.900000 -3.900000 -0.500000 -6.200000 28.900000 996.099976 46.500000 
18.900000 -3.900000 -0.600000 -6.200000 28.900000 996.099976 48.000000 
18.900000 -3.900000 -0.500000 -6.300000 28.900000 996.099976 45.000000 
18.900000 -3.900000 -0.500000 -6.300000 28.900000 996.099976 48.000000 
18.900000 -3.900000 -0.500000 -6.400000 28.900000 996.099976 46.500000 
18.900000 -3.900000 -0.500000 -6.400000 28.900000 996.099976 46.500000 
18.900000 -3.900000 -0.500000 -6.500000 28.900000 996.099976 48.000000 
18.900000 -3.800000 -0.500000 -6.500000 28.900000 996.099976 45.000000 
18.900000 -3.800000 -0.500000 -6.500000 28.900000 996.099976 48.000000 
18.900000 -3.800000 -0.500000 -6.500000 28.900000 996.099976 46.500000 
18.900000 -3.800000 -0.500000 -6.500000 28.900000 996.099976 46.500000 
18.900000 -3.800000 -0.500000 -6.500000 28.900000 996.099976 48.000000 
18.900000 -3.800000 -0.500000 -6.500000 28.900000 996.099976 45.000000 
18.900000 -3.800000 -0.500000 -6.500000 28.900000 996.099976 48.000000 
18.900000 -3.800000 -0.500000 -6.500000 28.900000 996.099976 46.500000 
19.000000 -3.800000 -0.500000 -6.500000 28.900000 996.099976 46.500000 
19.000000 -3.800000 -0.500000 -6.500000 28.900000 996.099976 48.000000 
19.000000 -3.800000 -0.500000 -6.600000 28.900000 996.099976 48.000000 
19.000000 -3.800000 -0.500000 -6.600000 28.900000 996.099976 46.500000 
19.000000 -3.800000 -0.500000 -6.600000 28.900000 996.099976 46.500000 
19.000000 -3.800000 -0.500000 -6.600000 28.900000 996.099976 45.000000 
19.000000 -3.700000 -0.500000 -6.600000 28.900000 996.099976 48.000000 
19.000000 -3.700000 -0.500000 -6.600000 28.900000 996.099976 45.000000 
19.000000 -3.700000 -0.500000 -6.600000 28.900000 996.099976 48.000000 
19.000000 -3.700000 -0.500000 -6.600000 28.900000 996.099976 45.000000 
